Housing,BodyWeight.end,BodyWeight.start,BrainWeight,AdrenalWeight,LiverWeight,HeartWeight,BodyLength,BrdU,Ki67,Neurons,Astrocytes,Cholesterol,log.corticosterone,Glucose,log.triglycerides,Hippocampus,DG,IMF,SMF,Hilus,EntorhinalCortex,CingulateCortex,MotorCortex,NOR.DI,NOR.exploration.T1,NOR.exploration.T2,NOR.exploration.T3,NOR.exploration.T4,NOR.exploration.T5,Rotarod.MeanDuration,OF.RE.T1,OF.RE.T2,OF.habituation,OF.CenterDuration.T1,OF.CenterDuration.T2
CTRL,21.7,16.81,0.5,52,0.91,0.1,9.5,104,160,443,119,0.8760327239,11.3598838936,22.6922441567,-1.0421907922,9.70808,1.92975,5.4375,34.3675,32.8125,613.3795,1117.4688333333,796.40845,-0.2458995754,6.8,1.06667,2.033326,0.766666,2.69999,73,0.8181891801,0.6847516878,0.1334374923,53.1666,23.9333
ENR,20.9,17.35,0.49,51,0.92,0.11,9.85,208,258,998,150,1.0534282752,12.0309466333,14.6776101283,-0.3617667034,10.3204,2.13417,5.7425,36.07,38.9175,694.958,1138.2158333333,819.3191240091,0.4771782063,5.1,1.43333,8.03333,2.46666,12.13332,167,0.8607232727,0.7245148581,0.1362084147,52.7999,31.2666
ENR,22.5,19.84,0.5,51,0.98,0.13,9.8,274,217,1425,157,1.0554008976,11.9381485216,15.581330223,-1.2224554133,9.57832,1.95838,7.52,35.7125,33.4875,742.2238333333,1117.2731666667,917.0501666667,0.7767511402,26.86659,42.56659,43.29993,0.066666,17.33336,203,0.8696560121,0.709141419,0.160514593,72.2333,19.9333
ENR,21.1,16.94,0.49,51,0.95,0.11,9.75,169,237,629,203,0.972734482,11.1717293459,20.7192791984,-0.3392345062,10.0482,2.07057,5.5125,34.1525,37.855,766.6216666667,1119.3066666667,846.9562666667,-1,12.8667,1.4,2,4.89999,1.4,172,0.8989949517,0.6990925454,0.1999024063,76.8333,25.5333
CTRL,23.8,18.48,0.48,54,0.97,0.13,10.1,177,241,814,186,1.1259173905,11.4159955575,26.0382037075,-0.7700234914,9.3982,1.90878,5.815,32.4,30.795,738.5905,1138.76675,NA,-0.4047606548,6.39999,1.599998,2.799993,0.933333,0.999999,46,0.8978878493,0.8043816186,0.0935062307,67.2666,43.6
CTRL,23,17.51,0.48,52,1.09,0.13,9.65,167,191,762,120,1.1422739886,11.6530771855,23.7746767988,-0.7124902263,9.82642,2.08457,7.9125,36.88,32.735,832.63425,1164.4938333333,807.5522333333,NA,3.8,1.06667,0,2.2,4.3,79,0.84021238,0.7358299434,0.1043824366,52.5999,26.1
CTRL,22.4,17.85,0.49,48,0.79,0.12,9.8,100,256,350,171,1.1352895772,12.0352473834,14.3886900781,-1.0976156141,9.8254,1.94307,7.7625,36.63,31,860.9965,1165.098,891.6846333333,-1,8.23332,1.966669,1.63333,0.366667,1.33333,29,0.9149974704,0.8114492791,0.1035481913,53.3666,32.9
ENR,21.9,18.74,0.5,53,0.66,0.14,9.85,336,167,1751,200,0.7262464334,10.5690236192,16.148192233,-1.1296779306,10.4005,2.1855,6.1175,30.6225,33.8675,597.576,1277.874,994.0502333333,NA,12.26667,20.1333,0,0.266666,0.899999,176,0.8386608039,0.7072071942,0.1314536097,107.133,21.1333
ENR,20.7,16.74,0.46,51,0.97,0.11,9.55,264,337,1408,114,0.9598029214,11.0362394627,27.4303227541,-0.6031623506,9.00815,1.87688,6.4925,36.45,33.315,607.5445,987.0125,NA,0.2255308719,37.29993,8.4,39.1667,17.80003,9.46666,151,0.8133796406,0.4450422177,0.3683374228,69.0666,7.36666
ENR,22,18.72,0.51,45,0.99,0.12,9.95,203,279,1107,74,1.0740787557,11.6787607563,19.7251517038,-1.140262087,8.1496,1.75485,7.165,29.9125,25.1375,586.85275,1108.6779166667,828.1781,NA,0,0,3.03333,0,0,194,0.8156383098,0.5105100484,0.3051282614,36.6,8.19999
ENR,21.5,18.55,0.47,43,1.11,0.11,9.55,236,261,1345,14,0.7087889737,11.5944688034,17.8908065855,-0.7776634412,7.87185,1.5387,6.6225,30.94,32.48,495.3386666667,1162.2845,759.0270666667,1,21.99993,0,24.5333,2.23333,0,190,0.8569162731,0.4376748909,0.4192413823,55.1999,4.46666
ENR,19.2,16.59,0.47,49,0.71,0.105,9.45,183,323,933,110,0.8922267015,11.3033628262,18.0415389038,-0.8656791506,9.25382,1.91088,7.21,34.755,33.925,672.659,1183.4635,803.7283192308,-1,20.3,0,1.2,12.0333,3.86667,149,0.7755938103,0.5510459927,0.2245478176,31.2333,10.3
CTRL,24.3,17.86,0.48,55,NA,0.11,9.85,118,221,524,156,1.3544131994,11.1980678614,34.6747061653,-0.6709697158,9.20423,1.9005,5.34,34.755,30.1025,665.2946666667,NA,822.7427666667,-1,6.46666,2.333326,0.766665,1.633337,0.566666,79,0.8416838887,0.6677546625,0.1739292262,40.1,14.1667
CTRL,24.1,17.87,0.5,53,0.95,0.1,9.9,138,341,431,315,0.9683035227,11.1589667331,14.5145456071,-1.0908412158,9.59922,2.05813,7.2375,30.3225,33.8625,668.8723333333,1156.3856666667,822.156,NA,4.8,1.43333,0,0,0,111,0.8356059367,0.7083871643,0.1272187724,35,11.9667
CTRL,24.1,17.27,0.47,42,1.03,0.12,9.75,87,173,402,78,1.2025054239,11.1962051073,27.6238152894,-0.5529587462,9.0313,1.80307,5.5625,29.445,32.0675,606.1725,1013.3420833333,834.8118,1,9.06665,0.733333,0.1,0.333333,0,62,0.9143191819,0.7912892168,0.1230299651,105.5,23.3333
CTRL,21.6,16.44,0.48,44,0.88,0.11,9.5,78,316,351,61,1.1921136462,11.2888682873,15.0828330009,-0.7813219156,8.26593,1.58133,5.5875,28.99,31.5125,866.04325,1068.9651666667,751.0231,-0.3968238095,7.99999,2.099996,4.2,5.93333,3.5,74,0.8855436598,NA,NA,60.7999,NA
CTRL,22.4,17.77,0.49,59,0.86,0.12,9.7,100,236,434,103,0.9189095091,11.4401918093,9.4755428213,-1.3323457081,9.51988,1.95035,5.5575,32.9375,30.3075,555.9965,1185.0115,887.5153666667,1,8.23333,1.4,0.833333,0,1.2,91,0.9043179578,0.7495980919,0.1547198658,75.5333,20.6666
CTRL,20.8,15.49,0.48,44,0.905,0.1,9.4,131,156,665,76,1.4898349867,11.305225639,22.7713834843,-1.0494828009,8.86308,1.74265,7.1775,38.6225,32.2325,722.721,1136.4481666667,825.7746666667,0.6666671569,7.66666,2.399996,6.79999,9.63333,7.19999,87,0.8625388447,NA,NA,53.1999,NA
ENR,21.4,18.39,0.49,52,0.91,0.105,9.7,247,230,1156,237,0.9714249474,11.3396126579,34.310971835,-0.9109976773,7.68048,1.61082,5.3225,43.8725,30.6275,674.71,1168.1501666667,843.8027555556,1,5.99999,12.56666,1.66666,19.29996,2.06667,129,0.8141128439,0.5722236073,0.2418892366,67.5999,8.49999
ENR,19.6,16.82,0.47,50,0.76,0.11,9.4,218,264,1081,151,1.1572054739,10.9701358409,33.1598798215,-0.9331946235,9.1996,1.93445,5.895,29.7375,29.2475,769.034,1129.8128333333,838.5418333333,-1,20.73333,0,0.666666,0,0,158,0.6647776337,0.4436007243,0.2211769094,26.7333,3.89999
ENR,20.2,18.51,0.49,42,0.89,0.12,9.55,230,358,1187,69,0.7779841924,11.4824793845,12.0281094716,-1.3717979844,9.27328,1.8838,5.9075,31.355,34.595,602.3911666667,1056.1163333333,850.0661,1,0.833332,8.63332,4.4,0,8.99999,205,0.8399713963,0.5413213288,0.2986500675,49.9,7.66666
ENR,23.7,19.39,0.49,54,0.88,0.1,10.05,169,259,893,103,1.0322107691,11.1221869636,30.8593046423,-0.7826842037,8.63315,1.73305,6.435,34.415,32.3325,539.3913333333,1192.3378333333,855.4571,1,5.26666,2.36667,1.63333,0.833333,0,135,0.7463847762,0.7118206182,0.0345641579,17.9666,14.2
CTRL,23,19.91,0.48,47,0.84,0.11,9.85,145,216,680,123,1.0643323457,11.0908702074,27.9860111199,-0.8269537898,6.8583,1.37792,3.745,38.64,25.4875,673.0800833333,1109.8058333333,760.0787,-0.1296277778,12.59999,6.299996,3.6,2.9,6.3,98,0.8737971066,NA,NA,62.2666,NA
ENR,20.8,16.65,0.48,58,0.95,0.13,9.75,237,281,1209,171,1.1746903668,11.2116298071,19.1843672895,-0.6243582238,9.20625,1.95823,6.62,36.6275,35.355,650.4848333333,1152.638,785.3525333333,-1,22.9,17.066634,1.63333,1.8,8.23332,118,0.7905399258,0.5218515941,0.2686883317,26.8333,13.1667
ENR,22.4,18.01,0.49,54,1.01,0.12,10,249,270,1360,120,0.8629424972,11.961341201,23.4540033339,-1.4105447443,9.16282,2.0293,5.675,30.855,25.645,757.3365833333,1209.959,795.7292666667,NA,15.96663,0,0,2.533333,0,147,0.8343101326,0.3945721719,0.4397379608,46.2,1.23333
ENR,21.4,17.41,0.5,46,0.91,0.14,9.75,294,278,1464,212,0.8828858152,11.0723211934,21.2571543765,-0.9175546127,10.6364,2.16228,7.395,45.8,37.465,787.562375,1201.834,847.9045,NA,17.0667,4.3,0,0.799999,8.66665,147,0.8632135747,0.631113525,0.2321000497,65.3666,19.2
CTRL,20.5,14.84,0.48,53,0.79,0.1,9.2,141,335,645,115,0.8531961755,11.3230970001,25.0032680177,-0.8571342847,8.12785,1.73878,5.2875,34.5975,26.835,595.437,1200.5308333333,835.1097277778,-1,6.06666,0.766666,0.2,0,4.8,123,0.8364209071,0.5357016341,0.300719273,48.7666,4.13333
ENR,21,17.31,0.5,39,0.75,0.1,9.8,225,267,1241,62,0.518382485,11.0801925013,18.9734824169,-1.33531659,6.9435,1.37435,5.9475,27.155,25.2575,NA,1258.2468333333,822.1583,0.1853932584,38.26659,18.43336,35.6,29.1333,12.26665,123,0.8550041245,0.7384381357,0.1165659888,61.6666,17.3
CTRL,21.1,17.48,0.49,48,0.78,0.11,9.7,108,165,488,91,1.1746286637,10.9510496556,23.9488344321,-0.8134790919,9.125,1.8315,4.8075,31.07,28.4325,629.4933333333,1126.2848333333,818.71655,0.0430105186,15.19996,1.966665,12.39999,1.8,2.399994,41,0.7677644221,NA,NA,29.9,NA
CTRL,22.1,17.05,0.5,44,0.95,0.12,9.8,122,422,611,78,1.0696565662,11.8479535986,21.723647625,-1.0207775815,8.8461,1.88955,4.785,31.185,31.7425,628.4866666667,1104.521,796.4885333333,0.5172419501,8.86665,1.966666,1.933337,0,2.766659,116,0.8655564567,0.7945211296,0.0710353272,82.4333,39.6666
ENR,21.7,18.38,0.49,49,0.96,0.13,9.85,283,282,1321,168,0.8706722545,11.2881364294,19.9657392452,-0.432379653,9.49302,2.013,8.005,45.09,36.85,553.7265,1158.6450833333,865.8371,0.0537646896,15.26663,0,3.09999,4.63333,0,249,0.8576781258,0.6026676316,0.2550104942,64.4333,18.3
ENR,21.3,18.23,0.49,43,0.94,0.12,9.65,265,283,1445,73,0.7774190563,11.274300283,18.3382351672,-0.7928894203,9.0731,1.86488,8.115,35.405,35.0725,649.314,1067.587,796.0391666667,0.9253729906,21.79996,2.466666,4.466667,0,1.699997,156,0.8324209685,0.667384802,0.1650361664,33.3666,20.5333
CTRL,23,17.46,0.49,50,1.07,0.095,9.85,143,347,566,137,0.946936077,10.5263685109,24.9514269163,-0.6231174252,9.84392,2.0292,5.7275,34.8825,35.185,790.5733333333,1122.9386666667,772.7058666667,0.2499991477,19.3,3.46666,2.93333,1.866665,4.5,78,0.829870705,0.7440681489,0.0858025561,74.7999,36
CTRL,24.4,17.7,0.49,42,1.12,0.12,9.75,77,197,291,125,0.9542143018,11.8148409915,23.9048871413,-0.6764147499,9.56895,1.98137,7.2525,33.8675,32.29,772.6365,NA,751.9365,0.2777777778,14.19996,5.1,3.6,9.46666,5.93333,63,0.8336669537,0.83570672,-0.0020397663,39.2666,34.4333
CTRL,22.7,18.11,0.49,57,1.04,0.12,9.8,130,204,603,124,1.0028129618,10.7712287701,23.2377191437,-0.5357985278,9.27178,1.84905,6.4975,33.69,31.1325,574.11825,1062.82,871.614,0.1789482327,9.93332,3.366659,3.16667,1.633336,1.1,61,0.8532937674,0.7759330015,0.0773607659,32.6333,34.3
CTRL,22.7,18.16,0.49,55,1,0.1,9.9,141,294,679,104,1.2969702059,10.8171155438,32.5805083402,-0.2172849093,7.75045,1.53802,4.935,38.1675,26.305,669.6891666667,1140.564,806.2246333333,0.2758608204,10.66665,4.43333,3.86666,3.23333,10.36666,86,0.8308245663,0.6641807902,0.1666437761,38.8333,11.9333
CTRL,23.7,18.03,0.49,46,1.05,0.13,9.8,163,303,704,176,0.9371368228,11.1059080715,25.2560462777,-0.8498428715,8.58117,1.7839,6.2975,30.66,29.975,691.9673333333,1155.39875,803.7322333333,NA,2.93333,4.13333,0,0.766666,1.5,126,0.7742594434,0.6004342008,0.1738252427,41.3,12.3667
ENR,22.5,19.11,0.5,48,1,0.11,10,252,395,1300,136,0.8273967806,11.1190189842,26.2413911106,-0.4916136778,8.88525,1.90703,7.595,38.8075,32.2825,610.5873333333,1151.1358333333,873.9725,0.6988412337,4.56666,0.033333,8.63332,0,3.73333,139,0.8143570734,0.6102394731,0.2041176003,49.2999,12.7
ENR,21.3,17.9,0.5,49,0.81,0.11,9.6,244,273,1335,86,0.962713825,12.0578001472,22.1074125759,-1.1962922233,9.31882,1.92507,5.6625,33.6825,33.495,747.9545,1152.9036666667,898.2343333333,NA,23.1333,0,19.56663,0,0,160,0.8449258227,0.6740239224,0.1709019003,43.5,23.6666
CTRL,21.3,17.33,0.48,50,0.84,0.105,9.55,141,244,659,134,1.2996851167,11.984327543,34.1401479708,-0.3301157665,8.54575,1.73987,5.7475,31.1175,27.2375,675.2331666667,1211.1326666667,833.1009,-0.714286449,12.23332,3.366659,1.166665,4.06666,9.63332,65,0.8710661164,NA,NA,132,NA
ENR,21.3,16.9,0.5,43,0.81,0.13,9.65,238,230,1264,133,1.1685610763,10.8759822658,28.6255386729,-0.8591803148,10.2556,2.09467,7.1775,34.59,35.71,666.8503333333,1107.6733333333,775.2503,0.411090136,27.2666,9.76665,17.43333,27.8667,2.73333,154,0.8889476458,0.6726361459,0.2163114998,55.1666,11.7333
CTRL,22.4,16.43,0.49,50,1.03,0.1,9.85,125,234,574,115,1.318832181,10.8442710289,27.9069573126,-0.3999747614,8.91145,1.86225,5.3675,34.9075,31.3975,730.4725,1094.2238333333,817.5789166667,-1,11.56666,0.866665,3.96666,0,2.53333,52,0.8886251061,0.7080382567,0.1805868494,47.7666,15.8
CTRL,21.8,16.07,0.48,51,0.82,0.12,9.7,128,217,607,115,0.7756590664,11.6995130946,16.442719069,-1.1198535374,10.483,2.33925,6.4925,33.5725,39.26,700.8996666667,1201.554,850.6499333333,-0.5156948501,5.3,0.233333,7.43333,0,0.4,121,0.8400510423,0.7124702078,0.1275808345,63.3999,21.1333
CTRL,22.1,16.89,0.49,52,0.89,0.1,9.65,130,256,623,91,1.1911057484,10.9330978927,11.1449832534,-1.3469959714,8.29607,1.68598,6.215,24.785,30.3725,711.9833333333,1199.8098333333,772.4209333333,1,9.36666,3.83333,2.13333,1.133332,0.9,97,0.8960845186,NA,NA,77.2666,NA
CTRL,23.8,17.08,0.5,50,0.93,0.13,9.8,122,304,534,124,1.0366319236,11.5407797834,23.3586202167,-0.7620973097,8.62978,1.75632,5.56,35.7625,32.9475,657.5341666667,NA,830.6697,-1,11.36665,2.13333,0.1,1.7,3.1,133,0.8060681076,0.7350164218,0.0710516858,39.2,19.9
CTRL,22.9,16.9,0.5,57,1.1,0.11,9.8,151,380,700,107,1.3032669761,11.2424449666,26.0493089638,-0.5972469005,9.88733,2.0953,6.7625,34.8675,33.8225,708.694,1122.6771666667,810.6419666667,0.3207521538,5.96666,2.33333,1.76666,6.23333,3.03333,71,0.7971865975,0.7934221157,0.0037644818,32.1666,30.9666
CTRL,23.5,18.34,0.49,53,0.94,0.13,10,103,320,482,99,1.5415023162,11.4364553374,44.0294485645,-0.2110190614,9.118,1.8507,6.9925,34.2675,30.2875,635.6564166667,1140.6441666667,850.7445666667,0.3023255814,11.33332,2.9,4.3,2.399993,7.19999,100,0.8952206962,NA,NA,67.9333,NA
ENR,20.8,17.21,0.48,46,0.91,0.12,9.5,218,430,1119,59,0.9018212803,11.4879949508,20.732947107,-0.7532982397,9.9361,2.07225,7.58,35.745,32.305,748.9651666667,1180.0468333333,829.0926666667,NA,3.16667,22.7666,0,0,1.63333,133,0.8181838615,0.5924179335,0.225765928,34.9333,14.3667
CTRL,22.2,16.83,0.49,52,1.08,0.13,9.75,106,189,451,133,0.686616503,10.4990652696,16.7446557869,-0.8398050062,11.913,2.35115,7.94,51.17,42.2025,670.2345416667,1170.0101666667,789.4766818182,1,4.16666,1.83333,5.2,0,1.266665,50,0.8471942583,0.8212908137,0.0259034446,48.6,50.5
CTRL,23.5,17.67,0.5,43,1.02,0.12,9.8,148,314,728,107,1.219396804,11.4945156828,15.8900726427,-1.0082114572,7.32368,1.49665,7.33,27.155,24.6025,606.7131666667,1116.1950833333,759.4008,-0.5398226016,14.73336,3.03333,11.29999,2.5,4.86666,83,0.8122746866,0.7556323222,0.0566423644,98.1666,71.2333
CTRL,23.1,17.37,0.49,56,0.95,0.105,9.8,131,223,534,141,1.3688647274,11.773128834,25.9549611619,-0.9339700804,8.43653,1.71787,7.225,34.31,31.8125,735.1793333333,1123.3668333333,822.2480333333,0.5813943753,3.89999,1.46666,1.43333,1.93333,2.799992,105,0.8217626115,0.6580328236,0.1637297878,36.6,22
CTRL,22.6,17.68,0.49,50,0.9,0.12,9.65,118,184,531,135,1.0394017907,11.3451420827,16.3502938642,-1.2187554113,8.68192,1.8077,6.6575,30.4625,31.66,NA,1108.48675,746.4046222222,-0.5616073662,23.56666,19.33329,25.69993,15.79999,17.20003,101,0.8871070925,0.8027812894,0.0843258031,68.4666,24.4333
CTRL,22.1,16.1,0.49,49,0.9,0.12,9.65,125,291,608,60,0.9885856726,11.5670384682,21.9129340532,-1.0915046984,8.9113,1.84225,6.8675,32.4625,29.735,632.2283333333,1058.9338333333,782.1046333333,-1,2.66666,1.333332,1.5,1.86666,2.566665,113,0.8696364956,0.798877685,0.0707588105,66.9666,53.5666
ENR,22.1,17.26,0.5,52,0.99,0.13,9.85,187,281,942,112,1.1454238361,11.0906472118,32.4269101919,-0.1773417424,9.61215,1.92217,6.63,32.9925,33.895,701.7198333333,1120.6225,708.1325,-1,11.39999,3.26666,0.633332,0,0,119,0.8259748075,0.5258361948,0.3001386128,38.2666,4.39999
ENR,20.6,17.17,0.5,50,0.87,0.1,9.55,141,277,759,80,0.9273816428,10.9206182066,14.1236208182,-1.0993189448,9.14647,1.86602,7.7,37.7425,35.1225,812.9695,1103.0641666667,831.2330333333,-0.0081292881,31.96663,9.53333,4.09999,3.46666,0,242,0.8227135066,0.1431951365,0.6795183701,44.6,1.6
ENR,19.9,16.5,0.47,44,0.76,0.1,9.35,205,219,1061,147,0.8617750318,11.3407515746,23.2031639453,-1.1098784518,8.52485,1.71373,4.405,32.355,20.8175,634.92,1178.8516666667,722.7035,NA,6.03333,8.43333,0,4.89999,4.83333,233,0.7985659877,0.5380589376,0.2605070501,30.7666,7.59999
CTRL,23.4,18.2,0.48,54,1.05,0.14,9.95,115,195,518,124,1.0566917693,11.489425533,25.1145673037,-0.906178186,7.7106,1.51745,6.7725,28.2075,22.06,678.33175,1118.8695,796.9348,0.0178580517,11.76665,4.59999,7.46666,6.29999,8.63332,73,0.882355184,0.7769961859,0.1053589981,81.9666,28.3666
ENR,21.3,16.64,0.47,47,0.9,0.12,9.6,258,219,1455,62,0.8300069921,11.6078476726,25.1779977018,-0.8036581855,9.3909,1.95345,6.6025,30.66,34.93,682.5578333333,1163.3685,684.1560666667,NA,15.133366,14.833366,0,0.399999,0,128,0.8106914748,0.6123254654,0.1983660094,52.8666,32.2333
ENR,20.8,17.91,0.5,51,0.75,0.13,9.65,189,252,965,133,0.9020338245,12.1874803518,21.7815513644,-0.965412902,9.0351,1.9162,5.4675,33.7375,31.48,689.4535,1224.6945833333,780.9892,-0.4328363555,39.6999,36.766666,17.86666,2.46666,1.16667,214,0.8836440525,0.5326940129,0.3509500395,73.0333,24.9
CTRL,22,15.59,0.5,52,0.98,0.11,9.8,117,290,527,119,1.054233389,10.8856945769,30.4645501301,-0.6111188416,8.78347,1.91832,5.255,32.19,31.5825,686.8283333333,1101.5755833333,832.5170333333,-0.1194046558,20.30003,4.033326,4.46666,1.46666,1.13333,59,0.8944233489,NA,NA,74.3666,NA
ENR,19.7,16.1,0.49,47,0.88,0.12,9.5,241,193,1232,170,0.7012894349,11.0600406405,14.6400046418,-0.874284995,6.50117,1.21648,6.0375,22.6225,20.0925,657.2116666667,1168.87,758.2251479167,0.4416248138,23.59996,6.3,6.56666,11.59999,2.7,198,0.825852527,0.6359831699,0.1898693571,45.8666,18.8
CTRL,23.1,17.2,0.48,59,1.01,0.11,9.8,132,217,602,127,0.8778534717,11.4262012169,15.1738603573,-1.3585107484,7.1599,1.51857,6.935,34.005,29.4675,648.8813333333,1119.2496666667,871.29365,0.4130843763,14.6,6.933326,17.83333,7.53333,8.13333,122,0.8689270022,0.7508254454,0.1181015568,50.3333,16.4667
CTRL,24.2,17.44,0.48,57,1.27,0.135,9.85,114,212,487,93,1.2771326656,11.6105717219,16.5241914238,-0.1071154564,7.7436,1.58743,6.22,35.245,34.785,665.5191666667,1000.5765,NA,0.1517027116,13.89998,0.666666,10.76665,0,2.799999,114,0.7529905796,0.6493426147,0.1036479649,103.067,29.9
ENR,19.4,16.79,0.49,55,0.73,0.11,9.4,235,317,1242,103,0.7332523451,11.7141925148,22.241712581,-0.9906160333,8.93365,1.75223,6.185,32.595,29.9075,495.96425,1079.4080833333,703.589,0.6472166175,31.06662,2.866662,49.69996,25.3,0.199999,128,0.8213151475,0.5804815209,0.2408336267,41.3333,14.6333
ENR,20.9,17.16,0.49,35,0.89,0.11,9.55,245,296,1161,191,1.2788652644,10.961402801,19.4780160054,-0.6962059885,8.50405,1.70775,5.69,35.4625,29.265,677.93525,1181.5523333333,842.1942,NA,7.26666,0.399999,0,0,1.066666,155,0.7783239479,0.493631834,0.2846921139,43.7333,20.5333
CTRL,23.3,17.06,0.49,48,0.95,0.1,9.8,133,212,650,133,1.1935798227,10.7701260013,22.422197654,-0.9290727547,NA,NA,NA,NA,NA,593.294,1142.10775,843.1574666667,-0.1645566976,16.79998,25.19996,10.53333,18.66663,16.66665,118,0.8579946302,0.7478943724,0.1101002578,36.6666,23.1
ENR,20.4,16.68,0.49,52,0.76,0.12,9.7,214,279,1117,77,0.7658685834,11.2031211842,21.7619601708,-1.1926880421,9.66342,2.0467,6.9425,36.03,32.1,737.427,1151.21725,830.3149,-0.9923372352,36.79996,13.799966,8.699993,21.1333,21.3666,127,0.8168561619,0.6533395657,0.1635165962,36.4,24.1666
ENR,21,16.41,0.49,55,0.88,0.12,9.7,197,248,949,194,1.1160358781,11.6978449824,32.2897990218,-0.5995253603,9.73318,2.02285,7.5975,35.8175,37.1425,551.83125,1115.5913333333,NA,0.679998272,11.666666,0,0.833333,1.7,6.36666,184,0.7877592329,0.6385189431,0.1492402898,46.3,8.73332
ENR,18.8,16.02,0.48,44,0.81,0.095,9.3,223,196,1225,78,0.8683108361,11.6225102851,24.315565405,-0.836382663,9.35005,1.8753,6.42,36.265,30.2525,581.7231666667,1108.768,750.17995,1,5.06666,0,0.666666,2.099996,2.933329,150,0.8846425252,0.7527785525,0.1318639728,58.7666,36.4333
CTRL,24.2,18,0.48,58,0.99,0.13,9.85,129,258,626,64,1.2938369536,11.8565609049,17.3629446241,-1.1321827958,9.04067,1.81845,6.425,35.3025,32.565,576.4811666667,1194.3825,781.4193,-0.1555552593,9.03332,7.46665,5.99999,6.16667,2.333329,54,0.8211327968,0.7247112183,0.0964215785,40.9,19.3333
ENR,20.4,17.6,0.49,42,0.8,0.1,9.7,205,264,1070,86,0.607744404,10.8556154542,18.6768846056,-1.1486108626,10.186,2.09048,6.035,38.205,37.2025,713.3983333333,1121.842,772.85015,NA,15.2333,0,0,4.83333,0,180,0.793359124,0.5889437745,0.2044153495,33.9666,17
ENR,22.1,17.87,0.48,42,1.24,0.14,NA,92,168,486,55,0.7487901592,11.5581397767,18.2960357331,-0.658463109,9.37195,1.9638,6.8375,39.0275,37.2875,655.2136666667,1065.5091666667,763.6438333333,1,28.53326,24.5,4.8,34.49992,41.6666,140,0.8766749856,0.849948983,0.0267260026,113.3,65.9999
CTRL,21.5,17.26,0.47,61,0.81,0.12,9.7,146,255,648,158,1.1990118007,11.4303578923,28.963552449,-0.5371019364,8.70522,1.86253,5.765,35.25,28.4025,701.5281666667,1027.7523333333,819.9242,1,9.09999,2.900002,3.03333,2.299994,0.233333,121,0.8592872281,0.7347639889,0.1245232392,88.0666,21.7
ENR,21.7,17.98,0.5,54,0.93,0.12,9.85,191,248,1037,73,0.9466970883,11.3125627558,22.2146523311,-0.9466190286,8.19485,1.83347,5.3125,22.14,29.6,NA,1155.7601666667,697.6454333333,-0.2297292093,12.299967,0,4.93333,2.53333,0,159,0.7814586727,0.555505493,0.2259531797,25.8,9.99999
ENR,21,18.09,0.5,42,0.89,0.12,9.45,170,227,969,31,1.0613353176,11.7543777278,16.2179055055,-1.1287609968,9.87488,2.04718,8.795,37.7675,30.8175,618.0553333333,1101.6673333333,758.1970666667,NA,3.299996,0,0,1.86666,1.566665,213,0.8176194547,0.5898904149,0.2277290398,23.5666,1.3
ENR,20.1,17.34,0.48,53,0.82,0.12,9.6,186,445,937,123,0.7203913464,10.8895258635,20.732947107,-0.7269763962,7.78068,1.57832,8.065,36.5275,27.0375,653.6656666667,1173.6235833333,804.0889666667,0.3281255127,14.53333,0,4.26666,5.46666,2,194,0.8093013809,0.6109684378,0.1983329431,52.0333,40.0333
CTRL,22.4,16.87,0.48,46,1.07,0.11,9.65,158,251,882,57,1.1357764135,11.2784357687,27.130710929,-0.4310536827,6.8157,1.44625,5.6325,30.1075,26.915,631.68,1119.5675,813.9578,0.3724140499,15.89998,8.19999,9.66666,7.33333,2.56667,87,0.9433405859,0.9001804285,0.0431601573,114.633,65.2666
ENR,21.4,17,0.48,40,0.89,0.11,9.75,293,267,1601,90,0.9457323636,11.4997267759,19.5052028972,-0.7954954835,10.4345,2.1688,8.4325,39.6625,38.3725,595.4046666667,1150.6824583333,794.4586666667,0.9042033224,28.43326,1.66666,34.09993,31.4,29.2,177,0.7775263654,0.6830839886,0.0944423769,28.5666,14.5667
CTRL,24.8,17.79,0.49,53,1.06,0.12,10.1,107,256,430,141,1.3010112917,11.7336570584,25.5886772132,-0.6299644447,8.5073,1.74518,6.1925,32.1675,31.485,627.9845,1160.2034166667,838.2312333333,-0.2230210238,6.83333,5.66666,4.63333,5.8,5.43333,80,0.8311284376,0.7477717745,0.0833566631,38.2,24.9
ENR,20.8,16.21,0.49,46,0.91,0.11,9.4,242,269,1187,161,0.8918898046,10.6386525392,27.4720685882,-0.7837683997,NA,NA,NA,NA,NA,747.489,1221.13775,913.0678,0.5763962585,30.76666,6.63333,31.63329,7.33333,0,263,0.8103945229,0.7351363256,0.0752581973,27.7,21.0333
